132.038,[0.859, 0.307],[0.705, 0.361],[0.564, 0.284],69.564,[0.319, 0.396],[0.254, 0.393],[0.303, 0.278],65.99,[0.705, 0.361],[0.564, 0.284],[0.544, 0.531],39.169,[0.254, 0.393],[0.303, 0.278],[0.378, 0.538],115.889,[0.564, 0.284],[0.544, 0.531],[0.734, 0.643],121.702,[0.303, 0.278],[0.378, 0.538],[0.261, 0.667],141.829,[0.544, 0.531],[0.734, 0.643],[0.805, 0.825],159.163,[0.378, 0.538],[0.261, 0.667],[0.207, 0.805],
95.169,[0.583, 0.433],[0.542, 0.456],[0.507, 0.405],76.893,[0.502, 0.482],[0.457, 0.493],[0.456, 0.402],39.655,[0.542, 0.456],[0.507, 0.405],[0.492, 0.57],0.061,[0.457, 0.493],[0.456, 0.402],[0.458, 0.568],145.448,[0.507, 0.405],[0.492, 0.57],[0.537, 0.65],170.219,[0.456, 0.402],[0.458, 0.568],[0.442, 0.668],162.139,[0.492, 0.57],[0.537, 0.65],[0.561, 0.768],174.149,[0.458, 0.568],[0.442, 0.668],[0.436, 0.774],
130.609,[0.752, 0.332],[0.59, 0.379],[0.451, 0.288],72.424,[0.429, 0.367],[0.231, 0.436],[0.227, 0.296],56.994,[0.59, 0.379],[0.451, 0.288],[0.45, 0.566],12.257,[0.231, 0.436],[0.227, 0.296],[0.297, 0.579],123.727,[0.451, 0.288],[0.45, 0.566],[0.667, 0.712],150.122,[0.227, 0.296],[0.297, 0.579],[0.242, 0.771],151.108,[0.45, 0.566],[0.667, 0.712],[0.763, 0.899],177.758,[0.297, 0.579],[0.242, 0.771],[0.197, 0.955],
142.268,[0.847, 0.35],[0.669, 0.382],[0.506, 0.297],93.84,[0.493, 0.425],[0.283, 0.445],[0.258, 0.292],81.787,[0.669, 0.382],[0.506, 0.297],[0.412, 0.565],10.322,[0.283, 0.445],[0.258, 0.292],[0.253, 0.567],101.751,[0.506, 0.297],[0.412, 0.565],[0.631, 0.697],163.046,[0.258, 0.292],[0.253, 0.567],[0.202, 0.724],150.236,[0.412, 0.565],[0.631, 0.697],[0.737, 0.887],175.726,[0.253, 0.567],[0.202, 0.724],[0.16, 0.896],
148.576,[0.779, 0.345],[0.617, 0.363],[0.476, 0.297],101.591,[0.407, 0.488],[0.28, 0.441],[0.303, 0.291],72.125,[0.617, 0.363],[0.476, 0.297],[0.444, 0.55],10.507,[0.28, 0.441],[0.303, 0.291],[0.311, 0.547],121.102,[0.476, 0.297],[0.444, 0.55],[0.625, 0.693],154.335,[0.303, 0.291],[0.311, 0.547],[0.23, 0.73],142.64,[0.444, 0.55],[0.625, 0.693],[0.672, 0.877],171.486,[0.311, 0.547],[0.23, 0.73],[0.18, 0.912],
131.451,[0.804, 0.33],[0.654, 0.38],[0.504, 0.293],84.978,[0.473, 0.38],[0.285, 0.462],[0.232, 0.304],72.092,[0.654, 0.38],[0.504, 0.293],[0.443, 0.575],9.048,[0.285, 0.462],[0.232, 0.304],[0.278, 0.579],107.666,[0.504, 0.293],[0.443, 0.575],[0.638, 0.687],144.508,[0.232, 0.304],[0.278, 0.579],[0.199, 0.741],151.511,[0.443, 0.575],[0.638, 0.687],[0.76, 0.885],158.089,[0.278, 0.579],[0.199, 0.741],[0.188, 0.895],
134.264,[0.72, 0.287],[0.531, 0.319],[0.394, 0.219],72.834,[0.378, 0.291],[0.162, 0.379],[0.148, 0.219],57.01,[0.531, 0.319],[0.394, 0.219],[0.378, 0.511],7.389,[0.162, 0.379],[0.148, 0.219],[0.215, 0.524],121.777,[0.394, 0.219],[0.378, 0.511],[0.623, 0.682],153.14,[0.148, 0.219],[0.215, 0.524],[0.159, 0.741],156.199,[0.378, 0.511],[0.623, 0.682],[0.75, 0.891],177.935,[0.215, 0.524],[0.159, 0.741],[0.102, 0.933],
135.458,[0.731, 0.278],[0.548, 0.316],[0.396, 0.218],84.618,[0.332, 0.36],[0.138, 0.382],[0.135, 0.224],57.752,[0.548, 0.316],[0.396, 0.218],[0.393, 0.523],13.078,[0.138, 0.382],[0.135, 0.224],[0.214, 0.537],123.073,[0.396, 0.218],[0.393, 0.523],[0.641, 0.688],150.804,[0.135, 0.224],[0.214, 0.537],[0.156, 0.753],153.086,[0.393, 0.523],[0.641, 0.688],[0.759, 0.897],179.871,[0.214, 0.537],[0.156, 0.753],[0.101, 0.956],
142.74,[0.874, 0.281],[0.665, 0.315],[0.494, 0.224],111.583,[0.466, 0.382],[0.258, 0.358],[0.217, 0.205],73.85,[0.665, 0.315],[0.494, 0.224],[0.428, 0.538],14.67,[0.258, 0.358],[0.217, 0.205],[0.219, 0.551],108.595,[0.494, 0.224],[0.428, 0.538],[0.632, 0.658],159.686,[0.217, 0.205],[0.219, 0.551],[0.167, 0.694],150.125,[0.428, 0.538],[0.632, 0.658],[0.755, 0.874],173.672,[0.219, 0.551],[0.167, 0.694],[0.124, 0.871],
142.74,[0.874, 0.281],[0.665, 0.315],[0.494, 0.224],111.583,[0.466, 0.382],[0.258, 0.358],[0.217, 0.205],73.85,[0.665, 0.315],[0.494, 0.224],[0.428, 0.538],14.67,[0.258, 0.358],[0.217, 0.205],[0.219, 0.551],108.595,[0.494, 0.224],[0.428, 0.538],[0.632, 0.658],159.686,[0.217, 0.205],[0.219, 0.551],[0.167, 0.694],150.125,[0.428, 0.538],[0.632, 0.658],[0.755, 0.874],173.672,[0.219, 0.551],[0.167, 0.694],[0.124, 0.871],
142.74,[0.874, 0.281],[0.665, 0.315],[0.494, 0.224],111.583,[0.466, 0.382],[0.258, 0.358],[0.217, 0.205],73.85,[0.665, 0.315],[0.494, 0.224],[0.428, 0.538],14.67,[0.258, 0.358],[0.217, 0.205],[0.219, 0.551],108.595,[0.494, 0.224],[0.428, 0.538],[0.632, 0.658],159.686,[0.217, 0.205],[0.219, 0.551],[0.167, 0.694],150.125,[0.428, 0.538],[0.632, 0.658],[0.755, 0.874],173.672,[0.219, 0.551],[0.167, 0.694],[0.124, 0.871],
134.782,[0.876, 0.272],[0.662, 0.322],[0.496, 0.218],106.729,[0.487, 0.368],[0.272, 0.374],[0.219, 0.214],68.838,[0.662, 0.322],[0.496, 0.218],[0.433, 0.545],16.662,[0.272, 0.374],[0.219, 0.214],[0.229, 0.558],110.388,[0.496, 0.218],[0.433, 0.545],[0.637, 0.669],164.648,[0.219, 0.214],[0.229, 0.558],[0.182, 0.751],138.525,[0.433, 0.545],[0.637, 0.669],[0.695, 0.856],170.87,[0.229, 0.558],[0.182, 0.751],[0.121, 0.896],
141.683,[0.865, 0.289],[0.67, 0.324],[0.498, 0.232],104.013,[0.508, 0.35],[0.301, 0.383],[0.232, 0.221],77.905,[0.67, 0.324],[0.498, 0.232],[0.412, 0.531],24.844,[0.301, 0.383],[0.232, 0.221],[0.222, 0.544],103.783,[0.498, 0.232],[0.412, 0.531],[0.63, 0.656],165.367,[0.232, 0.221],[0.222, 0.544],[0.169, 0.724],146.068,[0.412, 0.531],[0.63, 0.656],[0.734, 0.867],177.561,[0.222, 0.544],[0.169, 0.724],[0.112, 0.891],
